;Bolo Az FWHM El FWHM Az OFF  El OFF   Gain        Gain Error  Sensitivity  Mean El
;    (arcsec) (arcsec) (arcsec) (arcsec) (mJy/nW)  mJy/nW)     (mJy s^(1/2))  deg. 
;**********************************************************************************
h1b1 8.29627 9.85225 -57.6450 -24.1451 -5.32165e+07 3.10843e+06 1.00000 64.396046
h1b2 7.95739 9.06201 -62.4850 0.689082 -4.97412e+07 2.88801e+06 1.00000 64.396046
h1b3
h1b4 8.17158 8.95493 -41.4665 -17.3972 -4.91600e+07 2.76491e+06 1.00000 64.396046
h1b5 8.06639 9.64331 -36.2301 -26.1509 -5.05135e+07 2.91242e+06 1.00000 64.396046
h1b6 8.34489 9.86729 -36.4334 -43.1362 -5.53177e+07 3.17102e+06 1.00000 64.396046
h1b7 8.45065 9.47710 -41.6634 -34.3723 -4.98407e+07 2.95789e+06 1.00000 64.396046
h1b8
h1b9 7.83450 10.5440 -47.0969 -25.7142 -5.28927e+07 3.10105e+06 1.00000 64.396046
h1b10 7.74449 9.09664 -51.7331 -0.402313 -4.45057e+07 2.54566e+06 1.00000 64.396046
h1b11 8.07915 9.52847 -46.7042 -8.90585 -4.41663e+07 2.52319e+06 1.00000 64.396046
h1b12
h1b13
h1b14
h1b15 8.28623 9.08706 -31.3292 -34.5727 -5.07405e+07 2.97803e+06 1.00000 64.396046
h1b16
h1b17 8.17632 8.91372 -52.1779 -33.2243 -4.71210e+07 2.73730e+06 1.00000 64.396046
h1b18 8.18586 8.87978 -41.2830 -0.683275 -4.53399e+07 2.58195e+06 1.00000 64.396046
h1b19 7.91023 9.50118 -57.3041 -8.14880 -4.82394e+07 2.80508e+06 1.00000 64.396046
h1b20 8.17145 9.84008 -36.2670 -8.78455 -4.46123e+07 2.55531e+06 1.00000 64.396046
h1b21
h1b22 7.79966 9.87374 -46.9648 -42.0294 -5.67696e+07 3.32375e+06 1.00000 64.396046
h1b23
h1b24 8.51500 9.40685 -25.9197 -25.9939 -5.27746e+07 3.09411e+06 1.00000 64.396046
h2b1
h2b2 8.23942 9.28416 0.00000 0.00000 -4.66499e+07 2.84395e+06 1.00000 64.396046
h2b3 8.37827 8.65609 -41.4459 32.9754 -4.75415e+07 3.06273e+06 1.00000 64.396046
h2b4 7.58226 8.90748 -35.6607 24.5264 -4.80131e+07 3.16337e+06 1.00000 64.396046
h2b5 7.87979 8.18986 -41.2540 15.7372 -4.57242e+07 2.74673e+06 1.00000 64.396046
h2b6 8.27510 9.19159 -56.9126 8.32262 -4.87536e+07 3.31788e+06 1.00000 64.396046
h2b7
h2b8 8.24530 9.15211 -20.4787 17.0618 -4.74858e+07 2.97609e+06 1.00000 64.396046
h2b9 7.60455 9.47827 -46.2145 24.3082 -4.64597e+07 2.94045e+06 1.00000 64.396046
h2b10 8.28817 9.67604 -26.2871 42.1186 -5.08987e+07 3.14864e+06 1.00000 64.396046
h2b11 8.14684 9.94274 -31.3611 33.2605 -4.98862e+07 3.23445e+06 1.00000 64.396046
h2b12
h2b13 8.00809 8.35809 -30.8650 16.6982 -4.72844e+07 2.99204e+06 1.00000 64.396046
h2b14
h2b15 8.06588 9.19164 -46.5515 7.71380 -4.35422e+07 2.59918e+06 1.00000 64.396046
h2b16 8.39457 8.89152 -5.03648 8.20794 -5.14229e+07 3.25351e+06 1.00000 64.396046
h2b17 8.04148 9.95653 -56.6049 24.8888 -5.02439e+07 3.18458e+06 1.00000 64.396046
h2b18 8.27774 9.64856 -21.0481 34.0748 -4.80241e+07 2.95445e+06 1.00000 64.396046
h2b19 8.37041 9.22161 -36.6315 41.8410 -5.25357e+07 3.53544e+06 1.00000 64.396046
h2b20 8.24053 9.36081 -25.4207 25.1066 -4.56821e+07 2.98737e+06 1.00000 64.396046
h2b21
h2b22 7.87022 9.67410 -62.3718 16.3336 -4.77800e+07 2.95273e+06 1.00000 64.396046
h2b23 8.39639 9.89678 -25.4518 8.56542 -4.94693e+07 3.05315e+06 1.00000 64.396046
h2b24 7.80104 9.89860 -35.9970 7.98080 -4.59055e+07 2.88525e+06 1.00000 64.396046
h3b1 8.30249 10.9437 1.90182 61.4117 -5.17834e+07 3.23163e+06 1.00000 64.396046
h3b2 7.79745 10.1688 25.7804 54.5417 -5.31233e+07 3.43916e+06 1.00000 64.396046
h3b3 8.01317 9.92888 6.96889 52.7764 -5.04966e+07 3.18558e+06 1.00000 64.396046
h3b4 8.39989 9.37613 2.85908 43.2461 -5.39875e+07 3.59187e+06 1.00000 64.396046
h3b5 8.07960 8.72738 -6.77713 42.7069 -4.90402e+07 3.51714e+06 1.00000 64.396046
h3b6 8.05882 9.89929 -21.4885 51.0015 -5.20720e+07 3.49702e+06 1.00000 64.396046
h3b7 7.67669 10.1616 -11.6596 51.3595 -4.91300e+07 3.50264e+06 1.00000 64.396046
h3b8
h3b9 8.06982 9.76178 -2.37618 52.2024 -4.75123e+07 3.08695e+06 1.00000 64.396046
h3b10 8.13562 9.87186 21.7294 45.6169 -5.10261e+07 3.12843e+06 1.00000 64.396046
h3b11 8.57994 9.17494 12.4365 44.5095 -4.82262e+07 3.57782e+06 1.00000 64.396046
h3b12 8.17286 9.44443 13.4550 26.2306 -4.97897e+07 3.22114e+06 1.00000 64.396046
h3b13 8.16967 9.02768 -1.76028 34.6373 -4.68135e+07 2.92697e+06 1.00000 64.396046
h3b14 8.26847 9.07401 -0.503429 17.1641 -4.75028e+07 3.00262e+06 1.00000 64.396046
h3b15 8.00266 9.24287 -16.2763 42.6155 -4.65826e+07 2.79284e+06 1.00000 64.396046
h3b16 7.37297 9.95567 4.64651 8.94823 -4.78207e+07 3.50408e+06 1.00000 64.396046
h3b17 8.48356 10.6011 -7.47924 60.7798 -5.92691e+07 4.74025e+06 1.00000 64.396046
h3b18 8.00156 10.7720 17.0202 35.9928 -4.89499e+07 3.13654e+06 1.00000 64.396046
h3b19 7.99948 9.97586 16.2643 53.7368 -5.21138e+07 3.24519e+06 1.00000 64.396046
h3b20 8.22258 9.94703 7.86786 35.2998 -4.85322e+07 3.24488e+06 1.00000 64.396046
h3b21
h3b22
h3b23 8.41316 9.22368 -5.47879 25.4180 -4.45043e+07 2.87361e+06 1.00000 64.396046
h3b24 7.97094 9.26934 -11.1873 34.1863 -4.71805e+07 3.32777e+06 1.00000 64.396046
h4b1 8.44424 9.46845 51.7228 30.1503 -5.37691e+07 3.38408e+06 1.00000 64.396046
h4b2 7.96785 9.24093 58.4701 2.77799 -4.82021e+07 2.91821e+06 1.00000 64.396046
h4b3 7.48214 10.7507 47.6075 20.2132 -6.51062e+07 4.05858e+06 1.00000 64.396046
h4b4 8.23875 9.20154 38.0068 19.7566 -5.83384e+07 3.57382e+06 1.00000 64.396046
h4b5 7.95768 10.1087 32.3240 28.1102 -4.90661e+07 2.88861e+06 1.00000 64.396046
h4b6 8.27189 10.0278 31.1569 46.3535 -5.50759e+07 3.98694e+06 1.00000 64.396046
h4b7 7.88412 11.2729 36.1955 37.7374 -5.39388e+07 3.39135e+06 1.00000 64.396046
h4b8 7.96939 10.3034 24.0430 9.86503 -5.77133e+07 3.65502e+06 1.00000 64.396046
h4b9 8.31526 9.68960 41.9537 28.9819 -5.14547e+07 3.22104e+06 1.00000 64.396046
h4b10 7.67547 10.1229 48.7436 2.20392 -5.13320e+07 3.11590e+06 1.00000 64.396046
h4b11 8.02138 9.58966 43.3284 10.8696 -5.09857e+07 3.05464e+06 1.00000 64.396046
h4b12 8.03836 9.70290 29.1446 1.02229 -5.20417e+07 3.39135e+06 1.00000 64.396046
h4b13 7.92122 9.45356 28.1606 18.6802 -5.04174e+07 3.29861e+06 1.00000 64.396046
h4b14 7.85382 9.45567 14.1281 9.46804 -5.48415e+07 3.49366e+06 1.00000 64.396046
h4b15 8.20248 9.76371 26.6057 37.1939 -5.43109e+07 3.26777e+06 1.00000 64.396046
h4b16
h4b17 8.19920 10.5537 45.5550 38.7236 -5.11691e+07 3.26900e+06 1.00000 64.396046
h4b18 7.88174 9.99069 39.0846 1.38428 -5.32785e+07 3.34491e+06 1.00000 64.396046
h4b19 8.21426 8.76570 53.2107 11.3870 -5.29874e+07 3.28305e+06 1.00000 64.396046
h4b20 7.94159 10.1764 33.5580 10.0975 -5.08098e+07 3.30187e+06 1.00000 64.396046
h4b21 8.27385 9.49457 19.3035 1.15616 -5.05084e+07 3.08351e+06 1.00000 64.396046
h4b22 7.90168 9.71910 40.5550 47.5996 -5.68596e+07 4.17535e+06 1.00000 64.396046
h4b23 8.20492 8.56160 18.4687 18.5059 -4.84478e+07 2.99931e+06 1.00000 64.396046
h4b24 7.84369 10.5968 23.0719 27.6765 -5.39857e+07 3.58488e+06 1.00000 64.396046
h5b1 8.17324 8.38838 50.8054 -34.3795 -5.62074e+07 3.88664e+06 1.00000 64.396046
h5b2
h5b3
h5b4 8.02813 10.3258 35.7217 -25.5556 -5.13749e+07 3.08272e+06 1.00000 64.396046
h5b5 7.75657 9.53714 40.2551 -16.6401 -6.03245e+07 3.76043e+06 1.00000 64.396046
h5b6 8.19796 9.48604 54.6466 -6.97184 -5.03913e+07 3.10821e+06 1.00000 64.396046
h5b7 7.93908 9.08348 50.2021 -16.3098 -6.31232e+07 4.22094e+06 1.00000 64.396046
h5b8 7.84328 9.39916 20.2699 -16.7496 -5.54696e+07 3.49596e+06 1.00000 64.396046
h5b9 8.00677 10.1203 45.4692 -25.1942 -5.02360e+07 3.09745e+06 1.00000 64.396046
h5b10 8.29063 9.98020 26.0661 -44.2568 -5.84470e+07 3.63811e+06 1.00000 64.396046
h5b11 8.32503 9.29411 30.9203 -34.8065 -6.04354e+07 3.75538e+06 1.00000 64.396046
h5b12 8.40247 9.31315 15.4780 -25.8296 -4.51195e+07 2.78398e+06 1.00000 64.396046
h5b13 7.95369 9.25933 30.2328 -16.9921 -5.80690e+07 3.78422e+06 1.00000 64.396046
h5b14 8.55167 8.89317 14.7372 -8.10175 -4.95677e+07 3.06270e+06 1.00000 64.396046
h5b15 7.89588 9.75575 44.5975 -7.30800 -5.11350e+07 3.26595e+06 1.00000 64.396046
h5b16
h5b17 7.83690 9.57392 55.3203 -25.0431 -5.55325e+07 3.60408e+06 1.00000 64.396046
h5b18
h5b19
h5b20 8.10126 9.53223 25.7904 -25.6161 -5.14208e+07 3.27053e+06 1.00000 64.396046
h5b21 8.98355 9.51387 9.98396 -16.6656 -5.40494e+07 3.48480e+06 1.00000 64.396046
h5b22 7.98816 8.68416 59.9869 -15.8719 -5.35273e+07 3.39476e+06 1.00000 64.396046
h5b23 7.80107 9.73503 24.8289 -7.81506 -4.92934e+07 3.11020e+06 1.00000 64.396046
h5b24 8.20791 9.44577 34.7701 -7.81552 -4.73887e+07 2.94322e+06 1.00000 64.396046
h6b1 8.09593 9.37050 -5.47737 -61.5917 -5.78363e+07 3.53446e+06 1.00000 64.396046
h6b2 8.20636 9.21020 -31.4445 -52.0716 -5.41333e+07 3.19924e+06 1.00000 64.396046
h6b3
h6b4 8.13343 9.46715 -15.6525 -60.9763 -6.17982e+07 3.91935e+06 1.00000 64.396046
h6b5
h6b6 8.26102 9.11938 20.6671 -53.3586 -5.88901e+07 3.63733e+06 1.00000 64.396046
h6b7 8.48547 8.98224 10.4113 -53.6334 -5.61085e+07 3.42340e+06 1.00000 64.396046
h6b8
h6b9
h6b10 8.60233 9.21226 -26.2614 -43.5896 -5.07564e+07 3.23907e+06 1.00000 64.396046
h6b11
h6b12 9.08189 9.55870 -15.1608 -26.1207 -5.48369e+07 3.40240e+06 1.00000 64.396046
h6b13
h6b14
h6b15 8.35587 8.84871 15.6622 -44.6022 -5.47093e+07 3.40181e+06 1.00000 64.396046
h6b16
h6b17 8.23561 10.2815 4.92225 -62.1316 -6.67789e+07 4.12858e+06 1.00000 64.396046
h6b18 8.48114 10.0101 -20.5478 -34.8404 -5.09303e+07 2.86899e+06 1.00000 64.396046
h6b19 8.53326 9.05464 -20.9678 -52.2572 -4.87610e+07 2.99607e+06 1.00000 64.396046
h6b20 8.67251 9.97130 -10.3177 -35.1986 -5.61427e+07 3.43324e+06 1.00000 64.396046
h6b21 8.81442 8.49259 -10.1597 -16.8998 -5.26575e+07 3.31478e+06 1.00000 64.396046
h6b22 8.20072 9.78865 15.5871 -62.4581 -5.82652e+07 3.53759e+06 1.00000 64.396046
h6b23 8.49257 9.98945 5.27164 -26.1472 -5.39874e+07 3.29207e+06 1.00000 64.396046
h6b24
